Protein	x	y	z
H	-8.059	-10.884	199.124
H	-6.629	-8.771	196.348
H	-3.329	-9.501	194.713
P	-1.461	-7.232	192.28
H	1.491	-9.006	190.56
P	4.089	-7.006	188.641
H	5.735	-8.977	185.844
H	8.039	-8.071	182.929
C-	6.414	-7.984	179.51
H	6.903	-11.095	177.355
C+	4.69	-13.933	178.594
P	1.958	-15.558	176.523
C-	-1.757	-15.268	177.272
C-	-1.879	-18.937	178.369
P	1.04	-18.325	180.713
C+	-0.678	-15.393	182.347
C-	-4.014	-17.203	182.479
P	-2.188	-19.98	184.336
H	-0.486	-17.545	186.697
H	-3.854	-16.026	187.577
C+	-5.337	-19.459	188.332
C-	-2.359	-20.79	190.307
H	-1.818	-17.726	192.462
P	-5.57	-17.5	193.032
C-	-5.761	-21.039	194.439
H	-2.612	-20.538	196.545
H	-4.232	-17.548	198.257
P	-7.503	-19.345	198.668
C+	-6.068	-22.41	200.354
P	-3.427	-20.503	202.313
H	-6.037	-18.309	203.955
C-	-8.983	-20.699	203.778
H	-10.871	-17.949	201.965
H	-13.501	-18.698	199.289
H	-11.89	-18.673	195.806
P	-14.772	-16.568	194.491
P	-13.572	-13.714	196.723
H	-10.049	-13.675	195.31
C+	-9.152	-10.915	192.847
H	-5.915	-10.87	190.876
H	-4.443	-8.071	188.769
H	-1.466	-8.52	186.496
P	0.582	-5.454	185.668
C-	3.232	-5.884	182.984
H	6.382	-3.751	183.089
H	8.321	-2.817	179.958
C+	11.875	-4.154	180.22
H	12.915	-0.509	180.396
P	10.549	0.301	183.237
H	12.091	-2.031	185.791
H	15.265	-1.283	187.711
H	17.283	-3.767	189.76
H	20.233	-2.416	191.685
H	20.125	0.727	189.565
C-	20.42	-1.11	186.234
H	17.573	-1.643	183.793
H	15.87	-5.032	183.673
P	16.611	-5.178	179.957
C+	20.401	-4.981	180.362